function cmap=get_blue_red_cmap

cmap= [0 0.250980406999588 0.701960802078247;0.0322580635547638 0.275142341852188 0.711574971675873;0.0645161271095276 0.299304246902466 0.721189141273499;0.0967741906642914 0.323466181755066 0.730803310871124;0.129032254219055 0.347628086805344 0.74041748046875;0.161290317773819 0.371790021657944 0.750031650066376;0.193548381328583 0.395951926708221 0.759645819664001;0.225806444883347 0.420113861560822 0.769259989261627;0.25806450843811 0.444275796413422 0.778874158859253;0.290322571992874 0.468437701463699 0.788488328456879;0.322580635547638 0.492599636316299 0.798102498054504;0.354838699102402 0.516761541366577 0.80771666765213;0.387096762657166 0.540923476219177 0.817330837249756;0.419354826211929 0.565085411071777 0.826945006847382;0.451612889766693 0.589247345924377 0.836559176445007;0.483870953321457 0.613409221172333 0.846173346042633;0.516129016876221 0.637571156024933 0.855787456035614;0.548387110233307 0.661733090877533 0.86540162563324;0.580645143985748 0.685895025730133 0.875015795230865;0.612903237342834 0.710056960582733 0.884629964828491;0.645161271095276 0.734218835830688 0.894244134426117;0.677419364452362 0.758380770683289 0.903858304023743;0.709677398204803 0.782542705535889 0.913472473621368;0.74193549156189 0.806704640388489 0.923086643218994;0.774193525314331 0.830866515636444 0.93270081281662;0.806451618671417 0.855028450489044 0.942314982414246;0.838709652423859 0.879190385341644 0.951929152011871;0.870967745780945 0.903352320194244 0.961543321609497;0.903225779533386 0.927514255046844 0.971157491207123;0.935483872890472 0.9516761302948 0.980771660804749;0.967741906642914 0.9758380651474 0.990385830402374;1 1 1;0.992156863212585 0.96875 0.96875;0.984313726425171 0.9375 0.9375;0.976470589637756 0.90625 0.90625;0.968627452850342 0.875 0.875;0.960784316062927 0.84375 0.84375;0.952941179275513 0.8125 0.8125;0.945098042488098 0.78125 0.78125;0.937254905700684 0.75 0.75;0.929411768913269 0.71875 0.71875;0.921568632125854 0.6875 0.6875;0.91372549533844 0.65625 0.65625;0.905882358551025 0.625 0.625;0.898039221763611 0.59375 0.59375;0.890196084976196 0.5625 0.5625;0.882352948188782 0.53125 0.53125;0.874509811401367 0.5 0.5;0.866666674613953 0.46875 0.46875;0.858823537826538 0.4375 0.4375;0.850980401039124 0.40625 0.40625;0.843137264251709 0.375 0.375;0.835294127464294 0.34375 0.34375;0.82745099067688 0.3125 0.3125;0.819607853889465 0.28125 0.28125;0.811764717102051 0.25 0.25;0.803921580314636 0.21875 0.21875;0.796078443527222 0.1875 0.1875;0.788235306739807 0.15625 0.15625;0.780392169952393 0.125 0.125;0.772549033164978 0.09375 0.09375;0.764705896377563 0.0625 0.0625;0.756862759590149 0.03125 0.03125;0.749019622802734 0 0];
